16
-0.5538924019817537 -0.055226794950691716 3 4 5 6 7 8 9 10 13 15 14 12
0.48448183366181685 -1.2000000000000002 2 3 4 11
-0.03011801517068713 -1.023942365915147 1 4 5 11
0.538884535987867 -0.06074445240342197 0 1 5 6 7 8 9 10 13 15 14 12
-0.5963259012338846 -1.1704783941791868 0 1 2 11
0.0015972402342019354 0.07940743760275903 0 2 3 6 7 8 9 10 13 15 14 12
-0.8324129117221261 0.7990784274037246 0 3 5 7 9 10
-0.5526703822545588 1.2000000000000002 0 3 5 6 8 10
-0.10188975443480264 1.1861217195590696 0 3 5 7 9 10
0.013841483150697664 0.8904621944574385 0 3 5 6 8 10
-1.0178571428571428 -0.030000000000000027 0 5 3 11 6 7 8 9 13 15 14 12
-1.0607142857142855 -1.1871428571428568 4 2 1 10
0.3664285714285713 1.1742857142857144 14 13 3 5 0 10
0.375 0.8785714285714286 15 12 10 0 5 3
0.9578571428571427 1.1614285714285715 12 15 3 5 0 10
0.9492857142857143 0.8142857142857144 14 13 3 5 0 10
