12
-0.5538924019817537 -0.055226794950691716 3 4 5 6 7 8 9 10
0.48448183366181685 -1.2000000000000002 2 3 4 11
-0.03011801517068713 -1.023942365915147 1 4 5 11
0.538884535987867 -0.06074445240342197 0 1 5 6 7 8 9 10
-0.5963259012338846 -1.1704783941791868 0 1 2 11
0.0015972402342019354 0.07940743760275903 0 2 3 6 7 8 9 10
-0.8324129117221261 0.7990784274037246 0 3 5 7 9 10
-0.5526703822545588 1.2000000000000002 0 3 5 6 8 10
0.5752531027080545 1.1689788624162123 0 3 5 7 9 10
0.8324129117221264 0.753319337314581 0 3 5 6 8 10
-1.0178571428571428 -0.030000000000000027 0 5 3 11 6 7 8 9
-1.0607142857142855 -1.1871428571428568 4 2 1 10
