20
-0.5538924019817537 -0.055226794950691716 3 4 5 6 7 8 9 10 13 15 14 12 17 18 16 19
0.48448183366181685 -1.2000000000000002 2 3 4 11
-0.03011801517068713 -1.023942365915147 1 4 5 11
0.538884535987867 -0.06074445240342197 0 1 5 6 7 8 9 10 13 15 14 12 17 18 16 19
-0.5963259012338846 -1.1704783941791868 0 1 2 11
0.0015972402342019354 0.07940743760275903 0 2 3 6 7 8 9 10 13 15 14 12 17 18 16 19
-0.8324129117221261 0.7990784274037246 0 3 5 7 9 10
-0.8612418108259874 1.1957142857142857 0 3 5 6 8 10
-0.5776040401490885 1.1818360052733552 0 3 5 7 9 10
-0.47044423113501666 0.8733193373145811 0 3 5 6 8 10
-1.0178571428571428 -0.030000000000000027 0 5 3 11 6 7 8 9 13 15 14 12 17 18 16 19
-1.0607142857142855 -1.1871428571428568 4 2 1 10
-0.16928571428571437 1.2128571428571426 14 13 3 5 0 10
-0.16928571428571437 0.8700000000000001 15 12 10 0 5 3
0.1992857142857143 1.1657142857142855 12 15 3 5 0 10
0.17785714285714294 0.9000000000000001 14 13 3 5 0 10
0.5035714285714286 1.1742857142857144 19 17 10 0 5 3
0.49928571428571455 0.8957142857142858 18 16 10 0 5 3
0.7949999999999999 0.942857142857143 19 17 3 5 0 10
0.8121428571428569 1.187142857142857 16 18 3 5 0 10
