24
-1.098178116267468 -0.046655366379263485 3 4 5 6 7 8 9 10 13 15 14 12 16 17 19 18
-0.5483753091953262 -1.1828571428571428 2 3 4 11
-0.6986894437421157 -1.083942365915147 1 4 5 11
-0.7082583211549901 -0.047887309546278845 0 1 5 6 7 8 9 10 13 15 14 12 16 17 18 19
-1.033468758376742 -1.1961926798934726 0 1 2 11
-0.8726884740515124 0.09655029474561627 0 2 3 6 7 8 9 10 13 15 14 12 16 17 18 19
-0.8324129117221261 0.7990784274037246 0 3 5 7 9 10 16 18 17 19
-0.8612418108259874 1.1957142857142857 0 3 5 6 8 10 16 18 17 19
-0.5776040401490885 1.1818360052733552 0 3 5 7 9 10 16 18 17 19
-0.47044423113501666 0.8733193373145811 0 3 5 6 8 10
-1.2964285714285715 0.08571428571428585 0 5 3 11 6 7 8 9 13 15 14 12 16 17 19 18
-1.3007142857142857 -1.1057142857142859 4 2 1 10
-0.16928571428571437 1.2128571428571426 14 13 3 5 0 10 16 18 17 19
-0.16928571428571437 0.8700000000000001 15 12 10 0 5 3 16 18 17 19
0.1992857142857143 1.1657142857142855 12 15 3 5 0 10 17 19 18 16
0.17785714285714294 0.9000000000000001 14 13 3 5 0 10 16 18 17 19
0.006428571428571228 0.055714285714285605 18 17 19 20 6 7 8 12 13 15 14 5 3 0 10
0.3835714285714287 0.1071428571428572 19 16 18 23 6 7 8 12 13 15 14 5 3 0 10
0.16500000000000004 -0.1628571428571428 19 16 17 21 6 7 8 12 13 15 14 5 3 0 10
0.6235714285714287 -0.10285714285714276 17 18 16 22 6 7 8 12 13 15 14 5 3 0 10
0.10928571428571443 -1.0971428571428574 23 21 22 16
0.2849999999999999 -1.2342857142857144 22 20 23 18
0.6107142857142858 -1.1871428571428568 23 21 20 19
0.44785714285714273 -1.0071428571428571 20 22 21 17
