32
-1.098178116267468 -0.046655366379263485 3 4 5 6 7 8 9 10 13 15 14 12 16 17 19 18
-0.6469467377667548 -0.7542857142857144 2 3 4 11 27 24 25 26 30 29 31 28
-0.7329751580278299 -0.5953709373437186 1 4 5 11 26 27 24 25 31 28 29 30
-0.7082583211549901 -0.047887309546278845 0 1 5 6 7 8 9 10 13 15 14 12 16 17 18 19
-1.097754472662456 -0.7976212513220443 0 1 2 11 24 25 26 27 28 31 30 29
-0.8726884740515124 0.09655029474561627 0 2 3 6 7 8 9 10 13 15 14 12 16 17 18 19
-0.8324129117221261 0.7990784274037246 0 3 5 7 9 10 16 18 17 19
-0.8612418108259874 1.1957142857142857 0 3 5 6 8 10 16 18 17 19
-0.5776040401490885 1.1818360052733552 0 3 5 7 9 10 16 18 17 19
-0.47044423113501666 0.8733193373145811 0 3 5 6 8 10
-1.2964285714285715 0.08571428571428585 0 5 3 11 6 7 8 9 13 15 14 12 16 17 19 18
-1.2535714285714286 -0.6085714285714285 4 2 1 10 25 24 27 26 28 29 30 31
-0.16928571428571437 1.2128571428571426 14 13 3 5 0 10 16 18 17 19
-0.16928571428571437 0.8700000000000001 15 12 10 0 5 3 16 18 17 19
0.1992857142857143 1.1657142857142855 12 15 3 5 0 10 17 19 18 16
0.17785714285714294 0.9000000000000001 14 13 3 5 0 10 16 18 17 19
0.006428571428571228 0.055714285714285605 18 17 19 20 6 7 8 12 13 15 14 5 3 0 10
0.3835714285714287 0.1071428571428572 19 16 18 23 6 7 8 12 13 15 14 5 3 0 10
0.16500000000000004 -0.1628571428571428 19 16 17 21 6 7 8 12 13 15 14 5 3 0 10
0.6235714285714287 -0.10285714285714276 17 18 16 22 6 7 8 12 13 15 14 5 3 0 10
0.04928571428571438 -0.6814285714285714 23 21 22 16 24 27 26 25 29 28 31 30
0.24214285714285722 -0.887142857142857 22 20 23 18 25 26 27 24 30 31 28 29
0.5721428571428571 -0.8142857142857145 23 21 20 19 24 25 26 27 29 28 31 30
0.4435714285714287 -0.6085714285714285 20 22 21 17 27 24 25 26 30 31 28 29
-0.8892857142857142 -1.1871428571428568 27 25 4 1 2 11 20 21 22 23
-0.9107142857142856 -1.3842857142857143 26 24 4 1 2 11 20 21 22 23
-0.6321428571428571 -1.4014285714285717 27 25 4 1 2 11 20 21 22 23
-0.662142857142857 -1.1914285714285713 24 26 4 1 2 11 20 21 22 23
-0.10071428571428576 -1.1742857142857144 31 29 11 2 1 4 20 21 22 23
-0.11357142857142855 -1.3671428571428574 30 28 11 2 1 4 20 21 22 23
0.14357142857142846 -1.4014285714285717 31 29 11 2 1 4 20 21 22 23
0.15214285714285714 -1.23 28 30 11 2 1 4 20 21 22 23
